/******************************* variables *******************/
//Preparamos el render
var Render=new THREE.WebGLRenderer();
//El escenario
var Escenario=new THREE.Scene();
//La cámara
var Camara=new THREE.PerspectiveCamera();
// la Figura 
var particula;
var controls;

/**************************llamado a las funciones ******************/
inicio();
animacion();
/******************************* inicio *******************/
function inicio(){
       //Tamaño del render(resultado)
       Render.setSize(800,600);
       //Se agrega el render al documento html
       document.getElementById('render').appendChild(Render.domElement);
       //Acercamos la cámara en z es profundidad para ver el punto
       Camara.position.z=100;
       //agregando la cámara al escenario
       Escenario.add(Camara);
         // cargar nuevos modelos
       cargar_modelo();
       // agregamos todo el escenario y la cámara al render
        controls=new THREE.OrbitControls(Camara,Render.domElement);
}
function cargar_modelo(){
    // Geometría
    Geometria=new THREE.Geometry();
    var vertices=[
    //base
                    [-18,0,-18],[20,0,-18],[20,0,18],[-18,0,18],
                    [-18,2,-18],[20,2,-18],[20,2,18],[-18,2,18],
    //base2
                    [-16,2,-16],[18,2,-16],[18,2,16],[-16,2,14],
                    [-16,4,-16],[18,4,-16],[18,4,16],[-16,4,16],
   //base3
                    [-14,4,-14],[16,4,-14],[16,4,14],[-14,4,14],
                    [-14,6,-14],[16,6,-14],[16,6,14],[-14,6,14],
  //relleno base1
                    [-18,0,-16],[-18,0,-14],[-18,0,-12],[-18,0,-10],
                    [-18,0,-8],[-18,0,-8],[-18,0,-6],[-18,0,-4],[-18,0,-2],
                    [-18,0,0],[-18,0,2],[-18,0,4],[-18,0,6],[-18,0,8],
                    [-18,0,10],[-18,0,12],[-18,0,14],[-18,0,16],[-18,0,18],
                    
                    [-18,2,-16],[-18,2,-14],[-18,2,-12],[-18,2,-10],
                    [-18,2,-8],[-18,2,-8],[-18,2,-6],[-18,2,-4],[-18,2,-2],
                    [-18,2,0],[-18,2,2],[-18,2,4],[-18,2,6],[-18,2,8],
                    [-18,2,10],[-18,2,12],[-18,2,14],[-18,2,16],[-18,2,18],
  //relleno base1
                    [-18,0,18],[-16,0,18],[-14,0,18],[-12,0,18],[-10,0,18],
                    [-8,0,18],[-6,0,18],[-4,0,18],[-2,0,18],[0,0,18],
                    [2,0,18],[4,0,18],[6,0,18],[8,0,18],[10,0,18],
                    [12,0,18],[14,0,18],[16,0,18],[18,0,18],[20,0,18],
                    
                    [-18,2,18],[-16,2,18],[-14,2,18],[-12,2,18],[-10,2,18],
                    [-8,2,18],[-6,2,18],[-4,2,18],[-2,2,18],[0,2,18],
                    [2,2,18],[4,2,18],[6,2,18],[8,2,18],[10,2,18],
                    [12,2,18],[14,2,18],[16,2,18],[18,2,18],[20,2,18],
  //relleno base1
                    [20,0,-16],[20,0,-14],[20,0,-12],[20,0,-10],
                    [20,0,-8],[20,0,-8],[20,0,-6],[20,0,-4],[20,0,-2],
                    [20,0,0],[20,0,2],[20,0,4],[20,0,6],[20,0,8],
                    [20,0,10],[20,0,12],[20,0,14],[20,0,16],[20,0,18],
                    
                    [20,2,-16],[20,2,-14],[20,2,-12],[20,2,-10],
                    [20,2,-8],[20,2,-8],[20,2,-6],[20,2,-4],[20,2,-2],
                    [20,2,0],[20,2,2],[20,2,4],[20,2,6],[20,2,8],
                    [20,2,10],[20,2,12],[20,2,14],[20,2,16],[20,2,18],
  //relleno base1
                    [-18,0,-18],[-16,0,-18],[-14,0,-18],[-12,0,-18],[-10,0,-18],
                    [-8,0,-18],[-6,0,-18],[-4,0,-18],[-2,0,-18],[0,0,-18],
                    [2,0,-18],[4,0,-18],[6,0,-18],[8,0,-18],[10,0,-18],
                    [12,0,-18],[14,0,-18],[16,0,-18],[18,0,-18],[20,0,-18],
                    
                    [-18,2,-18],[-16,2,-18],[-14,2,-18],[-12,2,-18],[-10,2,-18],
                    [-8,2,-18],[-6,2,-18],[-4,2,-18],[-2,2,-18],[0,2,-18],
                    [2,2,-18],[4,2,-18],[6,2,-18],[8,2,-18],[10,2,-18],
                    [12,2,-18],[14,2,-18],[16,2,-18],[18,2,-18],[20,2,-18],
                    
     //relleno base2
                    [-14,2,-16],[-12,2,-16],[-10,2,-16],[-8,2,-16],[-6,2,-16],
                    [-4,2,-16],[-2,2,-16],[0,2,-16],[2,2,-16],[4,2,-16],
                    [6,2,-16],[8,2,-16],[10,2,-16],[12,2,-16],[14,2,-16],
                    [-16,2,-16],[16,2,-16],
                    
                    [-14,4,-16],[-12,4,-16],[-10,4,-16],[-8,4,-16],[-6,4,-16],
                    [-4,4,-16],[-2,4,-16],[0,4,-16],[2,4,-16],[4,4,-16],
                    [6,4,-16],[8,4,-16],[10,4,-16],[12,4,-16],[14,4,-16],
                    [-16,4,-16],[16,4,-16],
                    
                    [-14,2,16],[-12,2,16],[-10,2,16],[-8,2,16],[-6,2,16],
                    [-4,2,16],[-2,2,16],[0,2,16],[2,2,16],[4,2,16],
                    [6,2,16],[8,2,16],[10,2,16],[12,2,16],[14,2,16],
                    [-16,2,16],[16,2,16],
                    
                    [-14,4,16],[-12,4,16],[-10,4,16],[-8,4,16],[-6,4,16],
                    [-4,4,16],[-2,4,16],[0,4,16],[2,4,16],[4,4,16],
                    [6,4,16],[8,4,16],[10,4,16],[12,4,16],[14,4,16],
                    [-16,4,16],[16,4,16],
    //relleno base2
                    [18,2,-14],[18,2,-12],[18,2,-10],[18,2,-8],[18,2,-6],
                    [18,2,-4],[18,2,-2],[18,2,0],[18,2,2],[18,2,4],
                    [18,2,6],[18,2,8],[18,2,10],[18,2,12],[18,2,14],[18,2,16],
                    
                    [18,4,-14],[18,4,-12],[18,4,-10],[18,4,-8],[18,4,-6],
                    [18,4,-4],[18,4,-2],[18,4,0],[18,4,2],[18,4,4],
                    [18,4,6],[18,4,8],[18,4,10],[18,4,12],[18,4,14],[18,4,16],
                    
                    [-18,2,-14],[-18,2,-12],[-18,2,-10],[-18,2,-8],[-18,2,-6],
                    [-18,2,-4],[-18,2,-2],[-18,2,0],[-18,2,2],[-18,2,4],
                    [-18,2,6],[-18,2,8],[-18,2,10],[-18,2,12],[-18,2,14],
                    [-18,2,16],
                    
                    [-18,4,-14],[-18,4,-12],[-18,4,-10],[-18,4,-8],[-18,4,-6],
                    [-18,4,-4],[-18,4,-2],[-18,4,0],[-18,4,2],[-18,4,4],
                    [-18,4,6],[-18,4,8],[-18,4,10],[-18,4,12],[-18,4,14],
                    [-18,4,16],
       //releneo 3
                    [-12,4,-14],[-10,4,-14],[-8,4,-14],[-6,4,-14],[-4,4,-14],
                    [-2,4,-14],[0,4,-14],[2,4,-14],[4,4,-14],[6,4,-14],
                    [8,4,-14],[10,4,-14],[12,4,-14],[14,4,-14],
                    
                    [-12,6,-14],[-10,6,-14],[-8,6,-14],[-6,6,-14],[-4,6,-14],
                    [-2,6,-14],[0,6,-14],[2,6,-14],[4,6,-14],[6,6,-14],
                    [8,6,-14],[10,6,-14],[12,6,-14],[14,6,-14],
                    
                    [-12,4,14],[-10,4,14],[-8,4,14],[-6,4,14],[-4,4,14],
                    [-2,4,14],[0,4,14],[2,4,14],[4,4,14],[6,4,14],
                    [8,4,14],[10,4,14],[12,4,14],[14,4,14],
                    
                    [-12,6,14],[-10,6,14],[-8,6,14],[-6,6,14],[-4,6,14],
                    [-2,6,14],[0,6,14],[2,6,14],[4,6,14],[6,6,14],
                    [8,6,14],[10,6,14],[12,6,14],[14,6,14],
                    
                    [16,4,-12],[16,4,-10],[16,4,-8],[16,4,-6],[16,4,-4],
                    [16,4,-2],[16,4,0],[16,4,2],[16,4,4],[16,4,6],
                    [16,4,8],[16,4,10],[16,4,12],[16,4,14],
                    
                    [16,6,-12],[16,6,-10],[16,6,-8],[16,6,-6],[16,6,-4],
                    [16,6,-2],[16,6,0],[16,6,2],[16,6,4],[16,6,6],
                    [16,6,8],[16,6,10],[16,6,12],[16,6,14],
                    
                    [-16,4,-12],[-16,4,-10],[-16,4,-8],[-16,4,-6],[-16,4,-4],
                    [-16,4,-2],[-16,4,0],[-16,4,2],[-16,4,4],[-16,4,6],
                    [-16,4,8],[-16,4,10],[-16,4,12],[-16,4,14],
                    
                    [-16,6,-12],[-16,6,-10],[-16,6,-8],[-16,6,-6],[-16,6,-4],
                    [-16,6,-2],[-16,6,0],[-16,6,2],[-16,6,4],[-16,6,6],
                    [-16,6,8],[-16,6,10],[-16,6,12],[-16,6,14],
                    
    //pilares
                    [-13,6,-14],[-11,6,-14],[-10,6,-13],[-10,6,-11],[-11,6,-10],
                    [-13,6,-10],[-14,6,-11],[-14,6,-13],
                    
                    [-13,14,-14],[-11,14,-14],
                    [-10,14,-13],[-10,14,-11],[-11,14,-10],
                    [-13,14,-10],[-14,14,-11],[-14,14,-13],
                    
                    [-13,22,-14],[-11,22,-14],[-10,22,-13],
                    [-10,22,-11],[-11,22,-10],
                    [-13,22,-10],[-14,22,-11],[-14,22,-13],
                    
                    [-13,10,-14],[-11,10,-14],[-10,10,-13],
                    [-10,10,-11],[-11,10,-10],
                    [-13,10,-10],[-14,10,-11],[-14,10,-13],
                    
                    
                    [-8,6,-14],[-6,6,-14],[-5,6,-13],[-5,6,-11],[-6,6,-10],
                    [-8,6,-10],[-9,6,-11],[-9,6,-13],
                    
                    [-8,10,-14],[-6,10,-14],[-5,10,-13],[-5,10,-11],[-6,10,-10],
                    [-8,10,-10],[-9,10,-11],[-9,10,-13],
                    
                    [-8,14,-14],[-6,14,-14],[-5,14,-13],[-5,14,-11],[-6,14,-10],
                    [-8,14,-10],[-9,14,-11],[-9,14,-13],
                    
                    [-8,22,-14],[-6,22,-14],[-5,22,-13],[-5,22,-11],[-6,22,-10],
                    [-8,22,-10],[-9,22,-11],[-9,22,-13],
                    
                    [-3,6,-14],[-1,6,-14],[0,6,-13],[0,6,-11],[-1,6,-10],
                    [-3,6,-10],[-4,6,-11],[-4,6,-13],
                    
                    [-3,10,-14],[-1,10,-14],[0,10,-13],[0,10,-11],[-1,10,-10],
                    [-3,10,-10],[-4,10,-11],[-4,10,-13],
                   
                    [-3,14,-14],[-1,14,-14],[0,14,-13],[0,14,-11],[-1,14,-10],
                    [-3,14,-10],[-4,14,-11],[-4,14,-13],
                    
                    [-3,22,-14],[-1,22,-14],[0,22,-13],[0,22,-11],[-1,22,-10],
                    [-3,22,-10],[-4,22,-11],[-4,22,-13],
                    
                    [2,6,-14],[4,6,-14],[5,6,-13],[5,6,-11],[4,6,-10],
                    [2,6,-10],[1,6,-11],[1,6,-13],
                    
                    [2,10,-14],[4,10,-14],[5,10,-13],[5,10,-11],[4,10,-10],
                    [2,10,-10],[1,10,-11],[1,10,-13],
                    
                    [2,14,-14],[4,14,-14],[5,14,-13],[5,14,-11],[4,14,-10],
                    [2,14,-10],[1,14,-11],[1,14,-13],
                    
                    [2,22,-14],[4,22,-14],[5,22,-13],[5,22,-11],[4,22,-10],
                    [2,22,-10],[1,22,-11],[1,22,-13],
                    
                    [7,22,-14],[9,22,-14],[10,22,-13],[10,22,-11],[9,22,-10],
                    [7,22,-10],[6,22,-11],[6,22,-13],
                    
                    [7,6,-14],[9,6,-14],[10,6,-13],[10,6,-11],[9,6,-10],
                    [7,6,-10],[6,6,-11],[6,6,-13],
                    
                    [7,10,-14],[9,10,-14],[10,10,-13],[10,10,-11],[9,10,-10],
                    [7,10,-10],[6,10,-11],[6,10,-13],
                    
                    [7,14,-14],[9,14,-14],[10,14,-13],[10,14,-11],[9,14,-10],
                    [7,14,-10],[6,14,-11],[6,14,-13],
                    
                    [12,6,-14],[14,6,-14],[15,6,-13],[15,6,-11],[4,6,-10],
                    [12,6,-10],[11,6,-11],[11,6,-13],
                    
                    [12,10,-14],[14,10,-14],[15,10,-13],[15,10,-11],[4,10,-10],
                    [12,10,-10],[11,10,-11],[11,10,-13],
                    
                    [12,14,-14],[14,14,-14],[15,14,-13],[15,14,-11],[4,14,-10],
                    [12,14,-10],[11,14,-11],[11,14,-13],
                    
                    [12,22,-14],[14,22,-14],[15,22,-13],[15,22,-11],[4,22,-10],
                    [12,22,-10],[11,22,-11],[11,22,-13],
                    
   //columna 2
                    
                    [13,6,14],[11,6,14],[10,6,13],[10,6,11],[11,6,10],
                    [13,6,10],[14,6,11],[14,6,13],
                    
                    [13,14,14],[11,14,14],
                    [10,14,13],[10,14,11],[11,14,10],
                    [13,14,10],[14,14,11],[14,14,13],
                    
                    [13,22,14],[11,22,14],[10,22,13],
                    [10,22,11],[11,22,10],
                    [13,22,10],[14,22,11],[14,22,13],
                    
                    [13,10,14],[11,10,14],[10,10,13],
                    [10,10,11],[11,10,10],
                    [13,10,10],[14,10,11],[14,10,13],
                    
                    
                    [8,6,14],[6,6,14],[5,6,13],[5,6,11],[6,6,10],
                    [8,6,10],[9,6,11],[9,6,13],
                    
                    [8,10,14],[6,10,14],[5,10,13],[5,10,11],[6,10,10],
                    [8,10,10],[9,10,11],[9,10,13],
                    
                    [8,14,14],[6,14,14],[5,14,13],[5,14,11],[6,14,10],
                    [8,14,10],[9,14,11],[9,14,13],
                    
                    [8,22,14],[6,22,14],[5,22,13],[5,22,11],[6,22,10],
                    [8,22,10],[9,22,11],[9,22,13],
                    
                    [3,6,14],[1,6,14],[0,6,13],[0,6,11],[1,6,10],
                    [3,6,10],[4,6,11],[4,6,13],
                    
                    [3,10,14],[1,10,14],[0,10,13],[0,10,11],[1,10,10],
                    [3,10,10],[4,10,11],[4,10,13],
                   
                    [3,14,14],[1,14,14],[0,14,13],[0,14,11],[1,14,10],
                    [3,14,-10],[4,14,-11],[4,14,-13],
                    
                    [3,22,14],[1,22,14],[0,22,13],[0,22,11],[1,22,10],
                    [3,22,10],[4,22,11],[4,22,13],
                    
                    [-2,6,14],[-4,6,14],[-5,6,13],[-5,6,11],[-4,6,10],
                    [-2,6,10],[-1,6,11],[-1,6,13],
                    
                    [-2,10,14],[-4,10,14],[-5,10,13],[-5,10,11],[-4,10,10],
                    [-2,10,10],[-1,10,11],[-1,10,13],
                    
                    [-2,14,14],[-4,14,14],[-5,14,13],[-5,14,11],[-4,14,10],
                    [-2,14,10],[-1,14,11],[-1,14,13],
                    
                    [-2,22,14],[-4,22,14],[-5,22,13],[-5,22,11],[-4,22,10],
                    [-2,22,10],[-1,22,11],[-1,22,13],
                    
                    [-7,22,14],[-9,22,14],[-10,22,13],[-10,22,11],[-9,22,10],
                    [-7,22,10],[-6,22,11],[-6,22,13],
                    
                    [-7,6,14],[-9,6,14],[-10,6,13],[-10,6,11],[-9,6,10],
                    [-7,6,10],[-6,6,11],[-6,6,13],
                    
                    [-7,10,14],[-9,10,14],[-10,10,13],[-10,10,11],[-9,10,10],
                    [-7,10,10],[-6,10,11],[-6,10,13],
                    
                    [-7,14,14],[-9,14,14],[-10,14,13],[-10,14,11],[-9,14,10],
                    [-7,14,10],[-6,14,11],[-6,14,13],
                    
                    [-12,6,14],[-14,6,14],[-15,6,13],[-15,6,11],[-4,6,10],
                    [-12,6,10],[-11,6,11],[-11,6,13],
                    
                    [-12,10,14],[-14,10,14],[-15,10,13],[-15,10,11],[-4,10,10],
                    [-12,10,10],[-11,10,11],[-11,10,13],
                    
                    [-12,14,14],[-14,14,14],[-15,14,13],[-15,14,11],[-4,14,10],
                    [-12,14,10],[-11,14,11],[-11,14,13],
                    
                    [-12,22,14],[-14,22,14],[-15,22,13],[-15,22,11],[-4,22,10],
                    [-12,22,10],[-11,22,11],[-11,22,13],
      //cluma3  
                    [-13,6,-8],[-11,6,-8],[-10,6,-7],[-10,6,-5],[-11,6,-4],
                    [-13,6,-4],[-14,6,-5],[-14,6,-7],
                    
                    [-13,12,-8],[-11,12,-8],[-10,12,-7],[-10,12,-5],[-11,12,-4],
                    [-13,12,-4],[-14,12,-5],[-14,12,-7],
                    
                    [-13,24,-8],[-11,24,-8],[-10,24,-7],[-10,24,-5],[-11,24,-4],
                    [-13,24,-4],[-14,24,-5],[-14,24,-7],
                    
                    [-13,6,4],[-11,6,4],[-10,6,5],[-10,6,7],[-11,6,8],
                    [-13,6,8],[-14,6,7],[-14,6,5],
                    
                    [-13,12,4],[-11,12,4],[-10,12,5],[-10,12,7],[-11,12,8],
                    [-13,12,8],[-14,12,7],[-14,12,5],
                    
                    [-13,24,4],[-11,24,4],[-10,24,5],[-10,24,7],[-11,24,8],
                    [-13,24,8],[-14,24,7],[-14,24,5],
                    
                    [13,6,8],[11,6,8],[10,6,7],[10,6,5],[11,6,4],
                    [13,6,4],[14,6,5],[14,6,7],
                    
                    [13,12,8],[11,12,8],[10,12,7],[10,12,5],[11,12,4],
                    [13,12,4],[14,12,5],[14,12,7],
                    
                    [13,24,8],[11,24,8],[10,24,7],[10,24,5],[11,24,4],
                    [13,24,4],[14,24,5],[14,24,7],
                    
                    [13,6,-4],[11,6,-4],[10,6,-5],[10,6,-7],[11,6,-8],
                    [13,6,-8],[14,6,-7],[14,6,-5],
                    
                    [13,12,-4],[11,12,-4],[10,12,-5],[10,12,-7],[11,12,-8],
                    [13,12,-8],[14,12,-7],[14,12,-5],
                    
                    [13,24,-4],[11,24,-4],[10,24,-5],[10,24,-7],[11,24,-8],
                    [13,24,-8],[14,24,-7],[14,24,-5],
                    
                    [-13,6,-2],[-11,6,-2],[-10,6,-1],[-10,6,1],[-11,6,2],
                    [-13,6,2],[-14,6,1],[-14,6,-1],
                    
                    [-13,14,-2],[-11,14,-2],[-10,14,-1],[-10,14,1],[-11,14,2],
                    [-13,14,2],[-14,14,1],[-14,14,-1],
                    
                    [-13,26,-2],[-11,26,-2],[-10,26,-1],[-10,26,1],[-11,26,2],
                    [-13,26,2],[-14,26,1],[-14,26,-1],
                    
                    [13,6,2],[11,6,2],[10,6,1],[10,6,-1],[11,6,-2],
                    [13,6,-2],[14,6,-1],[14,6,1],
                    
                    [13,14,2],[11,14,2],[10,14,1],[10,14,-1],[11,14,-2],
                    [13,14,-2],[14,14,-1],[14,14,1],
                    
                    [13,26,2],[11,26,2],[10,26,1],[10,26,-1],[11,26,-2],
                    [13,26,-2],[14,26,-1],[14,26,1],
           
        //techo
                    [0,26,0],[5,26,0],[10,26,0],[-5,26,0],[-10,26,0],
                    [0,24,6],[5,24,6],[10,24,6],[-5,24,6],[-10,24,6],
                    [0,24,-6],[5,24,-6],[10,24,-6],[-5,24,-6],[-10,24,-6]
                    ];
    var long_vertices=vertices.length;
    for(i=0;i<long_vertices;i++){
        x=vertices[i][0];
        y=vertices[i][1];
        z=vertices[i][2];
        //Agregamos vértices al vector
        Vector=new THREE.Vector3(x,y,z);
        //Agregamos el vector a la geometría
        Geometria.vertices.push(Vector);   
    }
    // Genero punto para el origen
Geometria2=new THREE.Geometry();
Vector2=new THREE.Vector3(0,0,0);
Geometria2.vertices.push(Vector2);
Material2=new THREE.ParticleBasicMaterial({color:0X0000FF});
Particula2=new THREE.ParticleSystem(Geometria2,Material2);
Escenario.add(Particula2);

// Genero linea para x
Geometriax=new THREE.Geometry();
var vertices=[[0,0,0],[50,0,0]];
var long_vertices=vertices.length;
for(i=0;i<long_vertices;i++){
    x=vertices[i][0];
    y=vertices[i][1];
    z=vertices[i][2];
    Vector=new THREE.Vector3(x,y,z);
    Geometriax.vertices.push(Vector);   
    }
Materialx=new THREE.ParticleBasicMaterial({color:0XFF0000});
ejex=new THREE.Line(Geometriax,Materialx);
Escenario.add(ejex);

// Genero punto para y
Geometriay=new THREE.Geometry();
var vertices=[[0,0,0],[0,50,0]];
var long_vertices=vertices.length;
for(i=0;i<long_vertices;i++){
    x=vertices[i][0];
    y=vertices[i][1];
    z=vertices[i][2];
    Vector=new THREE.Vector3(x,y,z);
    Geometriay.vertices.push(Vector);   
    }
Materialy=new THREE.ParticleBasicMaterial({color:0X4EFF00});
ejey=new THREE.Line(Geometriay,Materialy);
Escenario.add(ejey);

// Genero punto para z
Geometriaz=new THREE.Geometry();
var vertices=[[0,0,0],[0,0,50]];
var long_vertices=vertices.length;
for(i=0;i<long_vertices;i++){
    x=vertices[i][0];
    y=vertices[i][1];
    z=vertices[i][2];
    Vector=new THREE.Vector3(x,y,z);
    Geometriaz.vertices.push(Vector);   
    }
Materialz=new THREE.ParticleBasicMaterial({color:0X4EFF00});
ejez=new THREE.Line(Geometriaz,Materialz);
Escenario.add(ejez);

    // agregamos un material para que el punto tenga color
    Material=new THREE.ParticleBasicMaterial({color:0XFF0000});
    // creamos una partícula con la geometría y el material
    particula=new THREE.ParticleSystem(Geometria,Material);
    // agregamos la partícula al escenario
    Escenario.add(particula);
}
function animacion(){
    requestAnimationFrame(animacion);
    render_modelo();
}
function render_modelo(){
    controls.update();
       particula.rotation.y=particula.rotation.y;
       Render.render(Escenario,Camara);
    }